Level	Amazon	Sorceress	Necromancer	Paladin	Barbarian	Druid	Assassin	ExpRatio
MaxLvl	99	99	99	99	99	99	99	10
0	0	0	0	0	0	0	0	1024
1	250	250	250	250	250	250	250	1024
2	750	750	750	750	750	750	750	1024
3	1875	1875	1875	1875	1875	1875	1875	1024
4	3937	3937	3937	3937	3937	3937	3937	1024
5	7087	7087	7087	7087	7087	7087	7087	1024
6	11340	11340	11340	11340	11340	11340	11340	1024
7	16443	16443	16443	16443	16443	16443	16443	1024
8	22198	22198	22198	22198	22198	22198	22198	1024
9	28857	28857	28857	28857	28857	28857	28857	1024
10	36072	36072	36072	36072	36072	36072	36072	1024
11	45090	45090	45090	45090	45090	45090	45090	1024
12	56362	56362	56362	56362	56362	56362	56362	1024
13	70453	70453	70453	70453	70453	70453	70453	1024
14	88066	88066	88066	88066	88066	88066	88066	1024
15	110082	110082	110082	110082	110082	110082	110082	1024
16	137603	137603	137603	137603	137603	137603	137603	1024
17	172004	172004	172004	172004	172004	172004	172004	1024
18	215005	215005	215005	215005	215005	215005	215005	1024
19	268756	268756	268756	268756	268756	268756	268756	1024
20	335945	335945	335945	335945	335945	335945	335945	1024
21	419932	419932	419932	419932	419932	419932	419932	1024
22	524915	524915	524915	524915	524915	524915	524915	1024
23	656143	656143	656143	656143	656143	656143	656143	1024
24	820179	820179	820179	820179	820179	820179	820179	1024
25	1025224	1025224	1025224	1025224	1025224	1025224	1025224	1024
26	1281530	1281530	1281530	1281530	1281530	1281530	1281530	1024
27	1601913	1601913	1601913	1601913	1601913	1601913	1601913	1024
28	1951130	1951130	1951130	1951130	1951130	1951130	1951130	1024
29	2331776	2331776	2331776	2331776	2331776	2331776	2331776	1024
30	2746681	2746681	2746681	2746681	2746681	2746681	2746681	1024
31	3518820	3518820	3518820	3518820	3518820	3518820	3518820	1024
32	4061063	4061063	4061063	4061063	4061063	4061063	4061063	1024
33	4652108	4652108	4652108	4652108	4652108	4652108	4652108	1024
34	5296347	5296347	5296347	5296347	5296347	5296347	5296347	1024
35	5998568	5998568	5998568	5998568	5998568	5998568	5998568	1024
36	6763989	6763989	6763989	6763989	6763989	6763989	6763989	1024
37	7598297	7598297	7598297	7598297	7598297	7598297	7598297	1024
38	8507693	8507693	8507693	8507693	8507693	8507693	8507693	1024
39	9498935	9498935	9498935	9498935	9498935	9498935	9498935	1024
40	10579388	10579388	10579388	10579388	10579388	10579388	10579388	1024
41	11757083	11757083	11757083	11757083	11757083	11757083	11757083	1024
42	13040770	13040770	13040770	13040770	13040770	13040770	13040770	1024
43	14439988	14439988	14439988	14439988	14439988	14439988	14439988	1024
44	15965137	15965137	15965137	15965137	15965137	15965137	15965137	1024
45	17627548	17627548	17627548	17627548	17627548	17627548	17627548	1024
46	19439577	19439577	19439577	19439577	19439577	19439577	19439577	1024
47	21414688	21414688	21414688	21414688	21414688	21414688	21414688	1024
48	23567559	23567559	23567559	23567559	23567559	23567559	23567559	1024
49	25914189	25914189	25914189	25914189	25914189	25914189	25914189	1024
50	28472016	28472016	28472016	28472016	28472016	28472016	28472016	1024
51	34101869	34101869	34101869	34101869	34101869	34101869	34101869	1024
52	37417091	37417091	37417091	37417091	37417091	37417091	37417091	1024
53	41030683	41030683	41030683	41030683	41030683	41030683	41030683	1024
54	44969499	44969499	44969499	44969499	44969499	44969499	44969499	1024
55	49262808	49262808	49262808	49262808	49262808	49262808	49262808	1024
56	53942514	53942514	53942514	53942514	53942514	53942514	53942514	1024
57	59043394	59043394	59043394	59043394	59043394	59043394	59043394	1024
58	64603353	64603353	64603353	64603353	64603353	64603353	64603353	1024
59	70663709	70663709	70663709	70663709	70663709	70663709	70663709	1024
60	77269497	77269497	77269497	77269497	77269497	77269497	77269497	1024
61	84469806	84469806	84469806	84469806	84469806	84469806	84469806	1024
62	92318142	92318142	92318142	92318142	92318142	92318142	92318142	1024
63	100872828	100872828	100872828	100872828	100872828	100872828	100872828	1024
64	110197437	110197437	110197437	110197437	110197437	110197437	110197437	1024
65	120361260	120361260	120361260	120361260	120361260	120361260	120361260	1024
66	131439828	131439828	131439828	131439828	131439828	131439828	131439828	1024
67	143515466	143515466	143515466	143515466	143515466	143515466	143515466	1024
68	156677911	156677911	156677911	156677911	156677911	156677911	156677911	1024
69	171024978	171024978	171024978	171024978	171024978	171024978	171024978	1024
70	186663279	186663279	186663279	186663279	186663279	186663279	186663279	976
71	220684781	220684781	220684781	220684781	220684781	220684781	220684781	928
72	240812969	240812969	240812969	240812969	240812969	240812969	240812969	880
73	262752695	262752695	262752695	262752695	262752695	262752695	262752695	832
74	286666996	286666996	286666996	286666996	286666996	286666996	286666996	784
75	312733584	312733584	312733584	312733584	312733584	312733584	312733584	736
76	341146165	341146165	341146165	341146165	341146165	341146165	341146165	688
77	372115878	372115878	372115878	372115878	372115878	372115878	372115878	640
78	405872865	405872865	405872865	405872865	405872865	405872865	405872865	592
79	442667982	442667982	442667982	442667982	442667982	442667982	442667982	544
80	482774658	482774658	482774658	482774658	482774658	482774658	482774658	496
81	526490936	526490936	526490936	526490936	526490936	526490936	526490936	448
82	574141679	574141679	574141679	574141679	574141679	574141679	574141679	400
83	626080988	626080988	626080988	626080988	626080988	626080988	626080988	352
84	682694835	682694835	682694835	682694835	682694835	682694835	682694835	304
85	744403929	744403929	744403929	744403929	744403929	744403929	744403929	256
86	811666841	811666841	811666841	811666841	811666841	811666841	811666841	192
87	884983414	884983414	884983414	884983414	884983414	884983414	884983414	144
88	964898480	964898480	964898480	964898480	964898480	964898480	964898480	108
89	1052005902	1052005902	1052005902	1052005902	1052005902	1052005902	1052005902	81
90	1146952992	1146952992	1146952992	1146952992	1146952992	1146952992	1146952992	61
91	1250445319	1250445319	1250445319	1250445319	1250445319	1250445319	1250445319	46
92	1363251956	1363251956	1363251956	1363251956	1363251956	1363251956	1363251956	35
93	1486211191	1486211191	1486211191	1486211191	1486211191	1486211191	1486211191	26
94	1620236756	1620236756	1620236756	1620236756	1620236756	1620236756	1620236756	20
95	1766324623	1766324623	1766324623	1766324623	1766324623	1766324623	1766324623	15
96	1925560397	1925560397	1925560397	1925560397	1925560397	1925560397	1925560397	11
97	2099127391	2099127391	2099127391	2099127391	2099127391	2099127391	2099127391	8
98	2288315415	2288315415	2288315415	2288315415	2288315415	2288315415	2288315415	6
99	2494530361	2494530361	2494530361	2494530361	2494530361	2494530361	2494530361	5
